45.0 80.0
20.0 65.0
15.0 30.0
10.0 25.0
0.0  20.0
12.0 28.0
17.0 32.0
25.0 68.0
23.0 70.0
35.0 75.0
45.0 80.0
20.0 65.0
15.0 30.0
10.0 25.0
0.0  20.0
12.0 28.0
17.0 32.0
25.0 68.0
23.0 70.0
35.0 75.0
45.0 80.0
20.0 65.0
15.0 30.0
10.0 25.0
0.0  20.0
12.0 28.0
17.0 32.0
25.0 68.0
23.0 70.0
35.0 75.0
45.0 80.0
20.0 65.0
15.0 30.0
10.0 25.0
0.0  20.0
12.0 28.0
17.0 32.0
25.0 68.0
23.0 70.0
35.0 75.0
45.0 80.0
20.0 65.0
15.0 30.0
10.0 25.0
0.0  20.0
12.0 28.0
17.0 32.0
25.0 68.0
23.0 70.0
35.0 75.0
